# Logisitics Lab

## Aufgabe 1

### Distance Matrix
FÜr die Berechnung des Ablaufplans werden nicht unbedingt die Koordinaten der Maschinen benötigt, die folgende Distanzmatrix reicht aus:

| x | 1         | 2         | 3         | 4         | 5         | 6         |
|---|-----------|-----------|-----------|-----------|-----------|-----------|
| 1 | 0.000000  | 45.000000 | 68.007353 | 65.192024 | 43.011626 | 20.000000 |
| 2 | 45.000000 | 0.000000  | 28.284271 | 36.400549 | 40.311289 | 49.244289 |
| 3 | 68.007353 | 28.284271 | 0.000000  | 18.027756 | 42.720019 | 65.000000 |
| 4 | 65.192024 | 36.400549 | 18.027756 | 0.000000  | 30.000000 | 57.008771 |
| 5 | 43.011626 | 40.311289 | 42.720019 | 30.000000 | 0.000000  | 29.154759 |
| 6 | 20.000000 | 49.244289 | 65.000000 | 57.008771 | 29.154759 | 0.000000  |